20846.847386724727	0
11549.384966221744	1
5577.619388466611	2
1000.0000000000008	3
725.4953798177415	4
658.2942678627537	5
484.62253866565976	6
484.62253866565976	7
476.9351088295152	8
476.8395023977459	9
476.8395023977459	10
476.8395023977459	11
476.8395023977459	12
476.8395023977459	13
456.69370755630774	14
446.91479579028544	15
446.91479579028544	16
433.56610260589633	17
406.02260409373883	18
424.02260409373883	19
385.3547150239448	20
369.24753003538115	21
398.9238683828731	22
398.9238683828725	23
343.6763864719311	24
304.1747858673783	25
304.1747858673783	26
304.1747858673783	27
349.4441579710467	28
356.8019651274177	29
316.73273556762933	30
259.7263123228812	31
258.12104057290037	32
253.87869006381504	33
253.87869006381504	34
12.453337549679464	35
86.25174204402818	36
86.25174204402818	37
86.25174204402818	38
39.58249441188154	39
30.550222130850045	40
6.111569473827188	41
6.111569473827188	42
4.111569473827188	43
18.590499073704713	44
13.6127589992692	45
26.828516725655142	46
26.222917605613265	47
29.778459253500177	48
29.778459253500177	49
29.778459253500177	50
14.21672376424577	51
19.21672376424577	52
33.24319009887433	53
5.675823977514584	54
5.675823977514584	55
5.629065737739426	56
18.112536678457133	57
18.162896872127938	58
20.162896872127938	59
12.80436985801916	60
12.729497419216163	61
12.80436985801916	62
4.200306028839252	63
38.358900105814655	64
18.633374084502016	65
13.80436985801916	66
12.80436985801916	67
12.80436985801916	68
9.824717854820545	69
7.179874098593718	70
8.37933968922302	71
16.804369858019157	72
16.804369858019157	73
39.232488948512945	74
34.232488948512945	75
5.185277385217207	76
4.22755291436056	77
4.22755291436056	78
4.22755291436056	79
2.5982396978854645	80
2.5982396978854645	81
2.5982396978854645	82
2.5982396978851376	83
2.5982396978851376	84
2.5982396978851376	85
1.9436708944342431	86
1.9436708944342431	87
1.9436708944342431	88
1.9436708944342431	89
1.9436708944342431	90
1.9436708944342431	91
1.9436708944342431	92
1.9436708944342431	93
1.9436708944342431	94
1.9436708944342431	95
1.9436708944342431	96
1.9436708944342431	97
1.9436708944342431	98
1.9436708944342431	99
1.9436708944342431	100
1.9436708944342431	101
1.9436708944342431	102
1.9436708944342431	103
1.9436708944342431	104
1.9436708944342431	105
1.9436708944342431	106
1.9436708944342431	107
1.9436708944342431	108
1.9436708944342431	109
1.9436708944342431	110
1.542302617014336	111
1.542302617014336	112
1.542302617014336	113
1.542302617014336	114
1.542302617014336	115
1.542302617014336	116
1.5423026170139948	117
1.5423026170139948	118
1.5423026170139948	119
1.5423026170139948	120
1.5423026170139948	121
1.5423026170139948	122
1.5423026170139948	123
1.5423026170139948	124
1.5423026170139948	125
1.5423026170139948	126
1.5423026170139948	127
1.5423026170139948	128
1.5423026170139948	129
1.5423026170139948	130
1.5423026170139948	131
1.5423026170139948	132
1.5423026170139948	133
1.5423026170139948	134
1.5423026170139948	135
1.5423026170139948	136
1.5423026170139948	137
1.5423026170139948	138
1.5423026170139948	139
1.5423026170139948	140
1.5423026170139948	141
1.5423026170139948	142
1.5423026170139948	143
1.5423026170129148	144
1.5423026170129148	145
1.5423026170129148	146
1.5423026170129148	147
1.5423026170129148	148
1.5423026170129148	149
1.5423026170129148	150
1.5423026170129148	151
1.5423026170129148	152
1.5423026170129148	153
1.5423026170129148	154
1.5423026170129148	155
1.5423026170129148	156
1.5423026170129148	157
1.5423026170129148	158
1.5423026170129148	159
1.5423026170129148	160
1.5423026170129148	161
1.5423026170129148	162
1.5423026170129148	163
1.5423026170129148	164
1.5423026170129148	165
1.5423026170129148	166
1.5423026170129148	167
0.22376653058831408	168
0.22376653058831408	169
0.22376653058831408	170
0.22376653058831408	171
0.22376653058831408	172
0.22376653058797302	173
0.22376653058797302	174
0.22376653058797302	175
0.22376653058797302	176
0.22376653058797302	177
0.22376653058797302	178
0.22376653058797302	179
0.22376653058797302	180
0.22376653058797302	181
0.22376653058797302	182
0.22376653058797302	183
0.22376653058797302	184
0.22376653058797302	185
0.22376653058797302	186
0.22376653058797302	187
0.22376653058601192	188
0.22376653058601192	189
0.22376653058601192	190
0.22376653058601192	191
0.22376653058601192	192
0.2237665305850438	193
0.2237665305850438	194
0.2237665305850438	195
0.2237665305850438	196
0.2237665305850438	197
0.2237665305850438	198
0.2237665305850438	199
0.2237665305850438	200
0.2237665305850438	201
0.2237665305850438	202
0.2237665305850438	203
0.2237665305850438	204
0.2237665305850438	205
0.2237665305850438	206
0.2237665305850438	207
0.2237665305850438	208
0.2237665305850438	209
0.2237665305850438	210
0.22376653058465656	211
0.2237665305850438	212
0.2237665305850438	213
0.2237665305850438	214
0.2237665305850438	215
0.2237665305850438	216
0.2237665305850438	217
0.2237665305850438	218
0.21075594638084993	219
0.21075594638084993	220
0.21075594638084993	221
0.21075594638084993	222
0.21075594638084993	223
0.21075594638084993	224
0.21075594638084993	225
0.21075594638084993	226
0.21075594638084993	227
0.21075594638084993	228
0.21075594638084993	229
0.21075594638084993	230
0.21075594638084993	231
0.21075594638084993	232
0.21075594638084993	233
0.21075594638084993	234
0.21075594638084993	235
0.21075594638084993	236
0.21075594638084993	237
0.21075594638056572	238
0.21075594638056572	239
0.21075594638056572	240
0.21075594638056572	241
0.21075594638056572	242
0.21075594638056572	243
0.21075594638056572	244
0.21075594638056572	245
0.21075594638056572	246
0.21075594638056572	247
0.21075594638056572	248
0.21075594638056572	249
0.21075594638056572	250
0.21075594638056572	251
0.21075594638056572	252
0.21075594638056572	253
0.21075594638056572	254
0.21075594638056572	255
0.21075594638056572	256
0.21075594638056572	257
0.21075594638056572	258
0.21075594638056572	259
0.21075594638056572	260
0.21075594638056572	261
0.21075594638056572	262
0.21075594638056572	263
0.21075594638056572	264
0.21075594638056572	265
0.21075594638056572	266
0.21075594638056572	267
0.21075594638056572	268
0.21075594638056572	269
0.21075594638056572	270
0.21075594638056572	271
0.21075594638056572	272
0.21075594638056572	273
0.21075594638056572	274
0.21075594638056572	275
0.21075594638056572	276
0.21075594638056572	277
0.21075594638056572	278
0.21075594638056572	279
0.21075594638056572	280
0.21075594638056572	281
0.21075594638056572	282
0.21075594638056572	283
0.21075594638056572	284
0.21075594638056572	285
0.21075594638056572	286
0.21075594638056572	287
0.21075594638056572	288
0.21075594638056572	289
0.21075594638056572	290
0.21075594638056572	291
0.21075594638056572	292
0.21075594638056572	293
0.21075594638056572	294
0.21075594638056572	295
0.21075594638056572	296
0.21075594638056572	297
0.21075594638056572	298
0.21075594638056572	299
0.21075594638056572	300
0.21075594638056572	301
0.21075594638056572	302
0.21075594638056572	303
0.21075594638056572	304
0.21075594638056572	305
0.21075594638056572	306
0.21075594638056572	307
0.21075594638056572	308
0.21075594638056572	309
0.21075594638056572	310
0.21075594638056572	311
0.21075594638056572	312
0.21075594638056572	313
0.21075594638056572	314
0.21075594638056572	315
0.21075594638056572	316
0.21075594638056572	317
0.21075594638056572	318
0.21075594638056572	319
0.21075594638056572	320
0.21075594638056572	321
0.21075594638056572	322
0.21075594638056572	323
0.21075594638056572	324
0.21075594638056572	325
0.21075594638056572	326
0.21075594638056572	327
0.21075594638056572	328
0.21075594638056572	329
0.21075594638056572	330
0.21075594638056572	331
0.21075594638056572	332
0.21075594638056572	333
0.21075594638056572	334
0.21075594638056572	335
0.03470121962423356	336
0.03470121962423356	337
0.03470121962423356	338
0.03470121962423356	339
0.03470121962328143	340
0.03470121962328143	341
0.03470121962328143	342
0.03470121962328143	343
0.03470121962328143	344
0.03470121962328143	345
0.03470121962328143	346
25.37825296927828	347
25.37825296927828	348
20.836342376958697	349
18.835137639658885	350
10.173760321808887	351
10.173760321808887	352
10.173760321808887	353
10.221062759320661	354
98.15065796429121	355
97.15849572683018	356
94.38265428210865	357
6.072068030672215	358
6.072068030672215	359
6.072068030672215	360
6.072068030672215	361
6.072068030672215	362
0.2641942300171092	363
0.2641942300171092	364
0.2641942300171092	365
0.2641942300171092	366
0.2641942300171092	367
0.2641942300171092	368
0.2641942300171092	369
0.2641942300171092	370
0.2641942300171092	371
0.2641942300171092	372
0.2641942300171092	373
0.2641942300171092	374
0.2641942300171092	375
0.2641942300171092	376
0.2641942300171092	377
0.2641942300171092	378
0.2641942300171092	379
0.2641942300171092	380
0.2641942300171092	381
0.2641942300171092	382
0.2641942300171092	383
0.2641942300171092	384
0.2641942300171092	385
0.2641942300171092	386
0.2641942300171092	387
0.2641942300171092	388
0.2641942300171092	389
0.2641942300171092	390
0.2641942300171092	391
0.2641942300171092	392
0.2641942300171092	393
0.2641942300171092	394
0.2641942300171092	395
0.2641942300171092	396
0.2641942300171092	397
0.2641942300171092	398
0.2641942300171092	399
0.2641942300171092	400
0.2641942300171092	401
0.2641942300171092	402
0.2641942300171092	403
0.2641942300171092	404
0.2641942300171092	405
0.2641942300171092	406
0.2641942300171092	407
0.2641942300171092	408
0.2641942300171092	409
0.2641942300171092	410
0.2641942300171092	411
0.2641942300171092	412
0.2641942300171092	413
0.2641942300171092	414
0.2641942300171092	415
0.2641942300171092	416
0.2641942300171092	417
0.2641942300171092	418
0.2641942300171092	419
0.2641942300171092	420
0.2641942300171092	421
0.2641942300171092	422
0.2641942300171092	423
0.2641942300171092	424
0.2641942300171092	425
0.2641942300171092	426
0.2641942300171092	427
0.2641942300171092	428
0.2641942300171092	429
0.2641942300171092	430
0.2641942300171092	431
0.2641942300171092	432
0.2641942300171092	433
0.2641942300171092	434
0.2641942300171092	435
0.2641942300171092	436
0.2641942300171092	437
0.2641942300171092	438
0.2641942300171092	439
0.2641942300171092	440
0.2641942300171092	441
0.2641942300171092	442
0.2641942300171092	443
0.2641942300171092	444
0.2641942300171092	445
0.2641942300171092	446
0.2641942300171092	447
0.2641942300171092	448
0.2641942300171092	449
0.2641942300171092	450
0.2641942300171092	451
0.2641942300171092	452
0.2641942300171092	453
0.2641942300171092	454
0.2641942300171092	455
0.2641942300171092	456
0.2641942300171092	457
0.2641942300171092	458
0.2641942300171092	459
0.2641942300171092	460
0.2641942300171092	461
0.2641942300171092	462
0.2641942300171092	463
0.05057441232290749	464
0.05057441232290749	465
0.05057441232290749	466
0.05057441232290749	467
0.05057441232290749	468
0.05057441232290749	469
0.05057441232290749	470
0.05057441232290749	471
0.05057441232290749	472
0.05057441232290749	473
0.05057441232290749	474
0.05057441232290749	475
0.05057441232290749	476
0.05057441232290749	477
0.05057441232290749	478
0.05057441232290749	479
0.05057441232290749	480
0.05057441232145443	481
0.05057441232005999	482
0.05057441232005999	483
0.05057441232005999	484
0.05057441232290749	485
0.05057441232290749	486
0.05057441232290749	487
0.05057441232290749	488
0.05057441232290749	489
0.05057441232290749	490
0.05057441232290749	491
0.05057441232290749	492
0.05057441232290749	493
0.05057441232290749	494
0.05057441232290749	495
0.05057441232290749	496
0.05057441232290749	497
0.05057441232290749	498
0.05057441232290749	499
0.05057441232290749	500
0.05057441232290749	501
0.05057441232290749	502
0.05057441232290749	503
0.05057441232290749	504
0.05057441232290749	505
0.05057441232290749	506
0.05057441232290749	507
0.05057441232290749	508
0.05057441232290749	509
0.05057441232290749	510
0.05057441232290749	511
0.05057441232290749	512
0.05057441232290749	513
0.05057441232290749	514
0.05057441232290749	515
0.05057441232290749	516
0.05057441232290749	517
0.05057441232290749	518
0.05057441232290749	519
0.05057441232290749	520
0.05057441232290749	521
0.05057441232290749	522
0.05057441232290749	523
0.05057441232290749	524
0.05057441232005999	525
0.05057441232005999	526
0.05057441232005999	527
0.05057441232005999	528
0.05057441231596904	529
0.050574412318191264	530
0.050574412318191264	531
0.050574412318191264	532
0.050574412318191264	533
0.050574412318191264	534
0.050574412318191264	535
0.050574412318191264	536
0.050574412318191264	537
0.050574412318191264	538
0.050574412318191264	539
0.050574412318191264	540
0.050574412318191264	541
0.050574412318191264	542
0.050574412318191264	543
0.050574412318191264	544
0.050574412318191264	545
0.050574412318191264	546
0.050574412318191264	547
0.050574412318191264	548
0.050574412318191264	549
0.050574412318191264	550
0.050574412318191264	551
0.050574412318191264	552
0.050574412318191264	553
0.050574412318191264	554
0.05057441231733151	555
0.05057441231733151	556
0.05057441231733151	557
0.05057441231733151	558
0.05057441231733151	559
0.05057441231733151	560
0.05057441231733151	561
0.00583006927539742	562
0.00583006927539742	563
0.00583006927539742	564
0.00583006927539742	565
0.00583006927539742	566
0.00583006927539742	567
0.00583006927539742	568
0.00583006927539742	569
0.00583006927539742	570
0.00583006927539742	571
0.00583006927539742	572
0.00583006927539742	573
0.00583006927539742	574
0.00583006927539742	575
0.00583006927539742	576
0.00583006927539742	577
0.00583006927539742	578
0.00583006927539742	579
0.00583006927539742	580
0.00583006927539742	581
0.00583006927539742	582
0.00583006927539742	583
0.00583006927539742	584
0.00583006927539742	585
0.00583006927539742	586
0.00583006927539742	587
0.00583006927539742	588
0.00583006927539742	589
0.053132506787175515	590
0.053132506787175515	591
0.053132506787175515	592
0.00583006927539742	593
0.00583006927539742	594
0.00583006927539742	595
0.00583006927539742	596
0.00583006927539742	597
0.00583006927539742	598
0.00583006927539742	599
0.00583006927539742	600
0.00583006927539742	601
0.00583006927539742	602
0.00583006927539742	603
0.00583006927539742	604
0.00583006927539742	605
0.00583006927539742	606
0.00583006927539742	607
0.00583006927539742	608
0.00583006927539742	609
0.00583006927539742	610
0.00583006927539742	611
0.00583006927539742	612
0.00583006927539742	613
0.00583006927539742	614
0.00583006927539742	615
0.00583006927539742	616
0.00583006927539742	617
0.00583006927539742	618
0.00583006927539742	619
0.00583006927539742	620
0.00583006927539742	621
0.00583006927539742	622
0.00583006927539742	623
0.00583006927539742	624
0.00583006927539742	625
0.00583006927539742	626
0.00583006927539742	627
0.00583006927539742	628
0.00583006927539742	629
0.00583006927539742	630
0.00583006927539742	631
0.00583006927539742	632
0.00583006927539742	633
0.00583006927539742	634
0.00583006927539742	635
2.5537840033670935	636
2.5537840033670935	637
2.5537840033670935	638
2.5537840033670935	639
2.5537840033670935	640
2.5537840033670935	641
2.5537840033670935	642
0.06524734455293846	643
2.5537840033670935	644
2.5537840033670935	645
2.5537840033670935	646
2.5537840033670935	647
2.5537840033670935	648
2.5537840033670935	649
2.5537840033670935	650
2.5537840033670935	651
2.5537840033670935	652
2.5537840033647417	653
2.5537840033647417	654
2.5537840033647417	655
2.5537840033647417	656
2.5537840033647417	657
2.5537840033647417	658
2.5537840033647417	659
2.5537840033647417	660
2.5537840033647417	661
2.5537840033647417	662
2.5537840033647417	663
2.5537840033647417	664
2.5537840033647417	665
2.5537840033647417	666
2.55378400336396	667
2.55378400336396	668
2.5537840033611356	669
2.55378400336396	670
2.55378400336396	671
2.5537840033611356	672
2.5537840033611356	673
2.5537840033611356	674
2.5537840033611356	675
2.5537840033608923	676
2.5537840033608923	677
2.5537840033608923	678
2.5537840033608923	679
2.5537840033608923	680
2.5537840033608923	681
2.5537840033608923	682
2.5537840033608923	683
2.5537840033608923	684
8.275272343538711	685
8.275272343538711	686
4.753051070932141	687
4.753051070932141	688
4.753051070932141	689
4.753051070932141	690
4.753051070932141	691
28.915742396371236	692
56.287164359043985	693
74.55319840636207	694
68.9451283862945	695
60.5466092881952	696
9.598492333598792	697
8.797989778131182	698
7.398994889062603	699
6.398994889062603	700
6.398994889062603	701
6.398994889062603	702
5.398994889062603	703
5.398994889062603	704
5.398994889062603	705
5.398994889062603	706
5.398994889062603	707
3.1994974445334243	708
1.0000000000055742	709
1.0000000000055742	710
5.574207762037986E-12	711